30	
in	40	14	4			out	56	5	15			t	43	
in	41	56	37			out	42	40	39	
in	49	35	39	45		out	48	34	37	57	
in	47	57	44			out	46	45	43	
in	33	15	3			out	31	4	16			t	45	
in	42	31	32			out	41	33	29	
in	34	28	29	38		out	35	32	30	36	
in	30	27				out	28	26				c	
in	16	12	18	2		out	3	21	6	13		t	54	
in	26	112	13	1		out	27	113	2	19		t	31	
in	104	19	0			out	105	1	20			t	35	
in	115	21	11			out	114	12	22			t	42	
in	113	93	114	107		out	112	92	115	111	
in	108	106	111			out	110	107	109	
in	105	102	109	119		out	104	103	106	118	
in	22	10	63	89		out	11	23	62	86		t	57	
in	84	86	88			out	85	89	87	
in	92	82	87	91		out	93	83	88	90	
in	110	95	90	97		out	108	94	91	96	
in	103	100	96	99		out	102	101	97	98	
in	74	23	9			out	75	10	24			t	52	
in	85	77	75	79		out	84	76	74	78	
in	83	78	81			out	82	79	80	
in	69	24	8			out	68	25	9			t	50	
in	55	53	50			out	54	51	52	
in	52	59	17	6		out	50	58	7	18		t	30	
in	58	65	61	62		out	59	64	60	63	
in	66	72	71	68		out	67	73	69	70	
in	64	67				out	65	66				c	
in	117	70				out	116	71				c	
end