30	
in	38	12	3			out	54	4	13			t	41	
in	39	54	35			out	40	38	37	
in	47	33	37	43		out	46	32	35	55	
in	45	55	42			out	44	43	41	
in	31	13	2			out	29	3	14			t	43	
in	40	29	30			out	39	31	27	
in	32	26	27	36		out	33	30	28	34	
in	28	25				out	26	24				c	
in	14	11	16			out	2	19	5	12		t	52	
in	24	110	1			out	25	111	17			t	29	
in	102	17	0			out	103	1	18			t	33	
in	113	19	10			out	112	11	20			t	40	
in	111	91	112	105		out	110	90	113	109	
in	106	104	109			out	108	105	107	
in	103	100	107	117		out	102	101	104	116	
in	20	9	61	87		out	10	21	60	84		t	55	
in	82	84	86			out	83	87	85	
in	90	80	85	89		out	91	81	86	88	
in	108	93	88	95		out	106	92	89	94	
in	101	98	94	97		out	100	99	95	96	
in	72	21	8			out	73	9	22			t	50	
in	83	75	73	77		out	82	74	72	76	
in	81	76	79			out	80	77	78	
in	67	22	7			out	66	23	8			t	48	
in	53	51	48			out	52	49	50	
in	50	57	15	5		out	48	56	6	16		t	28	
in	56	63	59	60		out	57	62	58	61	
in	64	70	69	66		out	65	71	67	68	
in	62	65				out	63	64				c	
in	115	68				out	114	69				c	
end