30
in	41	14	4			out	57	5	15			t 	44
in	42	57	37 			out	43	41	40			
in	50	35	40	46		out	49	34	37	58		
in	48	58	45			out	47	46	44			
in 	33	15	3 			out	31	4	16			t	46
in	43	31	32			out	42	33	29			
in	34	28	29	38		out	35	32	30	36		
in	30	27				out	28	26				c
in	16	12	18	2		out	3	21	6	13		t	55
in	26	113	13	1		out	27	114	2	19		t	31
in	105	19	0			out	106	1	20			t	35
in	116	21	11			out	115	12	22			t	43
in	114	94	115	108		out	113	93	116	112		
in	109	107	112			out	111	108	110		
in	106	103	110	120		out	105	104	107	119
in	22	10	64	90		out	11	23	63	87		t	58
in	85	87	89			out	86	90	88			
in	93	83	88	92		out	94	84	89	91		
in	111	96	91	98		out	109	95	92	97		
in	104	101	97	100		out	103	102	98	99		
in	75	23	9			out	76	10	24			t	53
in	86	78	76	80		out	85	77	75	79		
in	84	79	82			out	83	80	81			
in	70	24	8			out	69	25	9			t	51
in	56	54	51			out	55	52	53			
in	53	60	17	6		out	51	59	7	18		t	30	
in	59	66	62	63		out	60	65	61	64		
in	67	73	72	69		out	68	74	70	71		
in 	65	68				out	66	67				c			
in	118	71				out	117	72				c			
end