120	
in	40	14	4			out	56	5	15			t	43	
in	41	56	37			out	42	40	39	
in	49	35	39	45		out	48	34	37	57	
in	47	57	44			out	46	45	43	
in	33	15	3			out	31	4	16			t	45	
in	42	31	32			out	41	33	29	
in	34	28	29	38		out	35	32	30	36	
in	30	27				out	28	26				c	
in	16	12	18	2		out	3	21	6	13		t	54	
in	26	112	13	1		out	27	113	2	19		t	31	
in	104	19	0			out	105	1	20			t	35	
in	115	21	11			out	114	12	22			t	42	
in	113	93	114	107		out	112	92	115	111	
in	108	106	111			out	110	107	109	
in	105	102	109	119		out	104	103	106	118	
in	22	10	63	89		out	11	23	62	86		t	57	
in	84	86	88			out	85	89	87	
in	92	82	87	91		out	93	83	88	90	
in	110	95	90	97		out	108	94	91	96	
in	103	100	96	99		out	102	101	97	98	
in	74	23	9			out	75	10	24			t	52	
in	85	77	75	79		out	84	76	74	78	
in	83	78	81			out	82	79	80	
in	69	24	8			out	68	25	9			t	50	
in	55	53	50			out	54	51	52	
in	52	59	17	6		out	50	58	7	18		t	30	
in	58	65	61	62		out	59	64	60	63	
in	66	72	71	68		out	67	73	69	70	
in	64	67				out	65	66				c	
in	117	70				out	116	71				c	
in	160	134	124			out	176	125	135			t	63	
in	161	176	157			out	162	160	159	
in	169	155	159	165		out	168	154	157	177	
in	167	177	164			out	166	165	163	
in	153	135	123			out	151	124	136			t	65	
in	162	151	152			out	161	153	149	
in	154	148	149	158		out	155	152	150	156	
in	150	147				out	148	146				c	
in	136	132	138	122		out	123	141	126	133		t	74	
in	146	232	133	121		out	147	233	122	139		t	51	
in	224	139	120			out	225	121	140			t	55	
in	235	141	131			out	234	132	142			t	62	
in	233	213	234	227		out	232	212	235	231	
in	228	226	231			out	230	227	229	
in	225	222	229	239		out	224	223	226	238	
in	142	130	183	209		out	131	143	182	206		t	77	
in	204	206	208			out	205	209	207	
in	212	202	207	211		out	213	203	208	210	
in	230	215	210	217		out	228	214	211	216	
in	223	220	216	219		out	222	221	217	218	
in	194	143	129			out	195	130	144			t	72	
in	205	197	195	199		out	204	196	194	198	
in	203	198	201			out	202	199	200	
in	189	144	128			out	188	145	129			t	70	
in	175	173	170			out	174	171	172	
in	172	179	137	126		out	170	178	127	138		t	50	
in	178	185	181	182		out	179	184	180	183	
in	186	192	191	188		out	187	193	189	190	
in	184	187				out	185	186				c	
in	237	190				out	236	191				c
in	280	254	244			out	296	245	255			t	283	
in	281	296	277			out	282	280	279	
in	289	275	279	285		out	288	274	277	297	
in	287	297	284			out	286	285	283	
in	273	255	243			out	271	244	256			t	285	
in	282	271	272			out	281	273	269	
in	274	268	269	278		out	275	272	270	276	
in	270	267				out	268	266				c	
in	256	252	258	242		out	243	261	246	253		t	294	
in	266	352	253	241		out	267	353	242	259		t	271	
in	344	259	240			out	345	241	260			t	275	
in	355	261	251			out	354	252	262			t	282	
in	353	333	354	347		out	352	332	355	351	
in	348	346	351			out	350	347	349	
in	345	342	349	359		out	344	343	346	358	
in	262	250	303	329		out	251	263	302	326		t	297	
in	324	326	328			out	325	329	327	
in	332	322	327	331		out	333	323	328	330	
in	350	335	330	337		out	348	334	331	336	
in	343	340	336	339		out	342	341	337	338	
in	314	263	249			out	315	250	264			t	292	
in	325	317	315	319		out	324	316	314	318	
in	323	318	321			out	322	319	320	
in	309	264	248			out	308	265	249			t	290	
in	295	293	290			out	294	291	292	
in	292	299	257	246		out	290	298	247	258		t	270	
in	298	305	301	302		out	299	304	300	303	
in	306	312	311	308		out	307	313	309	310	
in	304	307				out	305	306				c	
in	357	310				out	356	311				c	
in	400	374	364			out	416	365	375			t	403	
in	401	416	397			out	402	400	399	
in	409	395	399	405		out	408	394	397	417	
in	407	417	404			out	406	405	403	
in	393	375	363			out	391	364	376			t	405	
in	402	391	392			out	401	393	389	
in	394	388	389	398		out	395	392	390	396	
in	390	387				out	388	386				c	
in	376	372	378	362		out	363	381	366	373		t	414	
in	386	472	373	361		out	387	473	362	379		t	391	
in	464	379	360			out	465	361	380			t	395	
in	475	381	371			out	474	372	382			t	402	
in	473	453	474	467		out	472	452	475	471	
in	468	466	471			out	470	467	469	
in	465	462	469	479		out	464	463	466	478	
in	382	370	423	449		out	371	383	422	446		t	417	
in	444	446	448			out	445	449	447	
in	452	442	447	451		out	453	443	448	450	
in	470	455	450	457		out	468	454	451	456	
in	463	460	456	459		out	462	461	457	458	
in	434	383	369			out	435	370	384			t	412	
in	445	437	435	439		out	444	436	434	438	
in	443	438	441			out	442	439	440	
in	429	384	368			out	428	385	369			t	410	
in	415	413	410			out	414	411	412	
in	412	419	377	366		out	410	418	367	378		t	390	
in	418	425	421	422		out	419	424	420	423	
in	426	432	431	428		out	427	433	429	430	
in	424	427				out	425	426				c	
in	477	430				out	476	431				c	
end