60	
in	40	14	4			out	56	5	15			t	43	
in	41	56	37			out	42	40	39	
in	49	35	39	45		out	48	34	37	57	
in	47	57	44			out	46	45	43	
in	33	15	3			out	31	4	16			t	45	
in	42	31	32			out	41	33	29	
in	34	28	29	38		out	35	32	30	36	
in	30	27				out	28	26				c	
in	16	12	18	2		out	3	21	6	13		t	54	
in	26	112	13	1		out	27	113	2	19		t	31	
in	104	19	0			out	105	1	20			t	35	
in	115	21	11			out	114	12	22			t	42	
in	113	93	114	107		out	112	92	115	111	
in	108	106	111			out	110	107	109	
in	105	102	109	119		out	104	103	106	118	
in	22	10	63	89		out	11	23	62	86		t	57	
in	84	86	88			out	85	89	87	
in	92	82	87	91		out	93	83	88	90	
in	110	95	90	97		out	108	94	91	96	
in	103	100	96	99		out	102	101	97	98	
in	74	23	9			out	75	10	24			t	52	
in	85	77	75	79		out	84	76	74	78	
in	83	78	81			out	82	79	80	
in	69	24	8			out	68	25	9			t	50	
in	55	53	50			out	54	51	52	
in	52	59	17	6		out	50	58	7	18		t	30	
in	58	65	61	62		out	59	64	60	63	
in	66	72	71	68		out	67	73	69	70	
in	64	67				out	65	66				c	
in	117	70				out	116	71				c	
in	160	134	124			out	176	125	135			t	63	
in	161	176	157			out	162	160	159	
in	169	155	159	165		out	168	154	157	177	
in	167	177	164			out	166	165	163	
in	153	135	123			out	151	124	136			t	65	
in	162	151	152			out	161	153	149	
in	154	148	149	158		out	155	152	150	156	
in	150	147				out	148	146				c	
in	136	132	138	122		out	123	141	126	133		t	74	
in	146	232	133	121		out	147	233	122	139		t	51	
in	224	139	120			out	225	121	140			t	55	
in	235	141	131			out	234	132	142			t	62	
in	233	213	234	227		out	232	212	235	231	
in	228	226	231			out	230	227	229	
in	225	222	229	239		out	224	223	226	238	
in	142	130	183	209		out	131	143	182	206		t	77	
in	204	206	208			out	205	209	207	
in	212	202	207	211		out	213	203	208	210	
in	230	215	210	217		out	228	214	211	216	
in	223	220	216	219		out	222	221	217	218	
in	194	143	129			out	195	130	144			t	72	
in	205	197	195	199		out	204	196	194	198	
in	203	198	201			out	202	199	200	
in	189	144	128			out	188	145	129			t	70	
in	175	173	170			out	174	171	172	
in	172	179	137	126		out	170	178	127	138		t	50	
in	178	185	181	182		out	179	184	180	183	
in	186	192	191	188		out	187	193	189	190	
in	184	187				out	185	186				c	
in	237	190				out	236	191				c
end