480
  256     5   220     5  1
  220     5    93     5  1
   88     5   -86     5  1
  -86     5   -82   134  1
  -82   139   -80   224  1
  -80 	229   -80 	256  1
  -92     5  -200     5  1
 -205     5  -256     5  1
 -184  -256  -179  -244  1
 -179  -244  -165  -210  1
 -163  -205  -134  -131  1
 -133  -126  -106   -53  1 
 -105   -48   -87     0  1
  -87     0    87     0  1
  -85   256   -85   226  1
  -85   226   -87   137  1
  -87   137   -92     5  1
 -256     0  -209     0  1 
 -204     0   -92     0  1
   92     0   218     0  1
  223     0   256     0  1
  -92     0  -110   -49  1
 -110   -49  -138  -125  1
 -139  -130  -168  -204  1
 -168  -204  -183  -240  1
 -185  -245  -189  -256  1 
  122	 83    88	  5  1
   93	  5	  127	 83  1
  127	 83	  137   137  1
   25   136   132   137  1
  132   137   122    83  1
  -82   134	   25   136  1
  132   142    27 	141  1
   22   141   -82   139  1
  129   224   132   142  1
  137   142   134   224  1
  137   137   256   137  1
  129   229    24   229  1
  256   142   137   142  1
   27   224   129   224  1
   24   229   -80   229  1
   27   141    27   224  1
   22   224    22   141  1   
  237   222   256   222  1
  256   227   239   227  1
  234   227   134   229  1
  239   227   239   256  1
  234   256   234   227  1  
  134   229   134   256  1
  129   256   129   229  1
 -200     5  -196   124  1
 -196   124  -195   256  1
 -201   121  -205     5  1
 -200   256  -201   126  1
 -201   126  -256   130  1
 -256   125  -201   121  1 
  -80   224    22   224  1
  134   224   237   222  1
 -209     0  -211  -109  1
 -206  -110  -204     0  1
 -211  -109  -256  -101  1
 -256  -106  -210  -114  1
 -138  -125  -206  -110  1
 -205  -115  -139  -130  1
 -210  -114  -217  -158  1
 -212  -160  -205  -115  1
 -217  -158  -239  -208  1
 -236  -213  -212  -160  1
 -183  -240  -236  -213  1
 -238  -218  -185  -245  1
 -239  -208  -241  -188  1
 -246  -191  -243  -215  1
 -256  -251  -238  -218  1
 -243  -215  -256  -240  1
  -87  -221  -163  -205  1
 -165  -210   -90  -226  1
  -90  -226  -100  -256  1
  -95  -256   -85  -227  1
  -85  -227    22  -252  1
   20  -247   -83  -222  1
   22  -252    29  -256  1
   38  -256    25  -248  1
   25  -248    49  -165  1
   44  -164    20  -247  1
  -83  -222   -53  -146  1
  -58  -145   -87  -221  1 
 -134  -131   -58  -145  1
  -53  -146    44  -164  1
   46  -159   -54  -141  1
  -54  -141  -133  -126  1
   49  -165   157  -183  1
  158  -178    50  -159  1
   66   -73    46  -159  1
   50  -159    72   -73  1
  157  -183   140  -256  1
  145  -256   162  -184  1
  162  -184   238  -195  1
  239  -191   163  -179  1
  243  -196   256  -199  1
  256  -194   244  -192  1
  227  -256   243  -196  1
  238  -195   222  -256  1
  244  -192   251   -93  1
  244   -92   239  -191  1
  251   -88   223     0  1
  218     0   244   -87  1
  244   -87   177   -79  1
  177   -79    73   -68  1
  163  -179   179   -84  1
  179   -84   244   -92  1
  174   -84   158  -178  1
   72   -73   174   -84  1
   73   -68    92     0  1
   87     0    68   -67  1
 -106   -53    66   -72  1
   68   -67  -105   -48  1
 -241  -188  -256  -177  1
 -256  -184  -246  -191  1
  251   -93   256   -94  1
  256   -89   251   -88  1
  256     5   220     5  1
  220     5    93     5  1
   88     5   -86     5  1
  -86     5   -82   134  1
  -82   139   -80   224  1
  -80 	229   -80 	256  1
  -92     5  -200     5  1
 -205     5  -256     5  1
 -184  -256  -179  -244  1
 -179  -244  -165  -210  1
 -163  -205  -134  -131  1
 -133  -126  -106   -53  1 
 -105   -48   -87     0  1
  -87     0    87     0  1
  -85   256   -85   226  1
  -85   226   -87   137  1
  -87   137   -92     5  1
 -256     0  -209     0  1 
 -204     0   -92     0  1
   92     0   218     0  1
  223     0   256     0  1
  -92     0  -110   -49  1
 -110   -49  -138  -125  1
 -139  -130  -168  -204  1
 -168  -204  -183  -240  1
 -185  -245  -189  -256  1 
  122	 83    88	  5  1
   93	  5	  127	 83  1
  127	 83	  137   137  1
   25   136   132   137  1
  132   137   122    83  1
  -82   134	   25   136  1
  132   142    27 	141  1
   22   141   -82   139  1
  129   224   132   142  1
  137   142   134   224  1
  137   137   256   137  1
  129   229    24   229  1
  256   142   137   142  1
   27   224   129   224  1
   24   229   -80   229  1
   27   141    27   224  1
   22   224    22   141  1   
  237   222   256   222  1
  256   227   239   227  1
  234   227   134   229  1
  239   227   239   256  1
  234   256   234   227  1  
  134   229   134   256  1
  129   256   129   229  1
 -200     5  -196   124  1
 -196   124  -195   256  1
 -201   121  -205     5  1
 -200   256  -201   126  1
 -201   126  -256   130  1
 -256   125  -201   121  1 
  -80   224    22   224  1
  134   224   237   222  1
 -209     0  -211  -109  1
 -206  -110  -204     0  1
 -211  -109  -256  -101  1
 -256  -106  -210  -114  1
 -138  -125  -206  -110  1
 -205  -115  -139  -130  1
 -210  -114  -217  -158  1
 -212  -160  -205  -115  1
 -217  -158  -239  -208  1
 -236  -213  -212  -160  1
 -183  -240  -236  -213  1
 -238  -218  -185  -245  1
 -239  -208  -241  -188  1
 -246  -191  -243  -215  1
 -256  -251  -238  -218  1
 -243  -215  -256  -240  1
  -87  -221  -163  -205  1
 -165  -210   -90  -226  1
  -90  -226  -100  -256  1
  -95  -256   -85  -227  1
  -85  -227    22  -252  1
   20  -247   -83  -222  1
   22  -252    29  -256  1
   38  -256    25  -248  1
   25  -248    49  -165  1
   44  -164    20  -247  1
  -83  -222   -53  -146  1
  -58  -145   -87  -221  1 
 -134  -131   -58  -145  1
  -53  -146    44  -164  1
   46  -159   -54  -141  1
  -54  -141  -133  -126  1
   49  -165   157  -183  1
  158  -178    50  -159  1
   66   -73    46  -159  1
   50  -159    72   -73  1
  157  -183   140  -256  1
  145  -256   162  -184  1
  162  -184   238  -195  1
  239  -191   163  -179  1
  243  -196   256  -199  1
  256  -194   244  -192  1
  227  -256   243  -196  1
  238  -195   222  -256  1
  244  -192   251   -93  1
  244   -92   239  -191  1
  251   -88   223     0  1
  218     0   244   -87  1
  244   -87   177   -79  1
  177   -79    73   -68  1
  163  -179   179   -84  1
  179   -84   244   -92  1
  174   -84   158  -178  1
   72   -73   174   -84  1
   73   -68    92     0  1
   87     0    68   -67  1
 -106   -53    66   -72  1
   68   -67  -105   -48  1
 -241  -188  -256  -177  1
 -256  -184  -246  -191  1
  251   -93   256   -94  1
  256   -89   251   -88  1
  256     5   220     5  1
  220     5    93     5  1
   88     5   -86     5  1
  -86     5   -82   134  1
  -82   139   -80   224  1
  -80 	229   -80 	256  1
  -92     5  -200     5  1
 -205     5  -256     5  1
 -184  -256  -179  -244  1
 -179  -244  -165  -210  1
 -163  -205  -134  -131  1
 -133  -126  -106   -53  1 
 -105   -48   -87     0  1
  -87     0    87     0  1
  -85   256   -85   226  1
  -85   226   -87   137  1
  -87   137   -92     5  1
 -256     0  -209     0  1 
 -204     0   -92     0  1
   92     0   218     0  1
  223     0   256     0  1
  -92     0  -110   -49  1
 -110   -49  -138  -125  1
 -139  -130  -168  -204  1
 -168  -204  -183  -240  1
 -185  -245  -189  -256  1 
  122	 83    88	  5  1
   93	  5	  127	 83  1
  127	 83	  137   137  1
   25   136   132   137  1
  132   137   122    83  1
  -82   134	   25   136  1
  132   142    27 	141  1
   22   141   -82   139  1
  129   224   132   142  1
  137   142   134   224  1
  137   137   256   137  1
  129   229    24   229  1
  256   142   137   142  1
   27   224   129   224  1
   24   229   -80   229  1
   27   141    27   224  1
   22   224    22   141  1   
  237   222   256   222  1
  256   227   239   227  1
  234   227   134   229  1
  239   227   239   256  1
  234   256   234   227  1  
  134   229   134   256  1
  129   256   129   229  1
 -200     5  -196   124  1
 -196   124  -195   256  1
 -201   121  -205     5  1
 -200   256  -201   126  1
 -201   126  -256   130  1
 -256   125  -201   121  1 
  -80   224    22   224  1
  134   224   237   222  1
 -209     0  -211  -109  1
 -206  -110  -204     0  1
 -211  -109  -256  -101  1
 -256  -106  -210  -114  1
 -138  -125  -206  -110  1
 -205  -115  -139  -130  1
 -210  -114  -217  -158  1
 -212  -160  -205  -115  1
 -217  -158  -239  -208  1
 -236  -213  -212  -160  1
 -183  -240  -236  -213  1
 -238  -218  -185  -245  1
 -239  -208  -241  -188  1
 -246  -191  -243  -215  1
 -256  -251  -238  -218  1
 -243  -215  -256  -240  1
  -87  -221  -163  -205  1
 -165  -210   -90  -226  1
  -90  -226  -100  -256  1
  -95  -256   -85  -227  1
  -85  -227    22  -252  1
   20  -247   -83  -222  1
   22  -252    29  -256  1
   38  -256    25  -248  1
   25  -248    49  -165  1
   44  -164    20  -247  1
  -83  -222   -53  -146  1
  -58  -145   -87  -221  1 
 -134  -131   -58  -145  1
  -53  -146    44  -164  1
   46  -159   -54  -141  1
  -54  -141  -133  -126  1
   49  -165   157  -183  1
  158  -178    50  -159  1
   66   -73    46  -159  1
   50  -159    72   -73  1
  157  -183   140  -256  1
  145  -256   162  -184  1
  162  -184   238  -195  1
  239  -191   163  -179  1
  243  -196   256  -199  1
  256  -194   244  -192  1
  227  -256   243  -196  1
  238  -195   222  -256  1
  244  -192   251   -93  1
  244   -92   239  -191  1
  251   -88   223     0  1
  218     0   244   -87  1
  244   -87   177   -79  1
  177   -79    73   -68  1
  163  -179   179   -84  1
  179   -84   244   -92  1
  174   -84   158  -178  1
   72   -73   174   -84  1
   73   -68    92     0  1
   87     0    68   -67  1
 -106   -53    66   -72  1
   68   -67  -105   -48  1
 -241  -188  -256  -177  1
 -256  -184  -246  -191  1
  251   -93   256   -94  1
  256   -89   251   -88  1
  256     5   220     5  1
  220     5    93     5  1
   88     5   -86     5  1
  -86     5   -82   134  1
  -82   139   -80   224  1
  -80 	229   -80 	256  1
  -92     5  -200     5  1
 -205     5  -256     5  1
 -184  -256  -179  -244  1
 -179  -244  -165  -210  1
 -163  -205  -134  -131  1
 -133  -126  -106   -53  1 
 -105   -48   -87     0  1
  -87     0    87     0  1
  -85   256   -85   226  1
  -85   226   -87   137  1
  -87   137   -92     5  1
 -256     0  -209     0  1 
 -204     0   -92     0  1
   92     0   218     0  1
  223     0   256     0  1
  -92     0  -110   -49  1
 -110   -49  -138  -125  1
 -139  -130  -168  -204  1
 -168  -204  -183  -240  1
 -185  -245  -189  -256  1 
  122	 83    88	  5  1
   93	  5	  127	 83  1
  127	 83	  137   137  1
   25   136   132   137  1
  132   137   122    83  1
  -82   134	   25   136  1
  132   142    27 	141  1
   22   141   -82   139  1
  129   224   132   142  1
  137   142   134   224  1
  137   137   256   137  1
  129   229    24   229  1
  256   142   137   142  1
   27   224   129   224  1
   24   229   -80   229  1
   27   141    27   224  1
   22   224    22   141  1   
  237   222   256   222  1
  256   227   239   227  1
  234   227   134   229  1
  239   227   239   256  1
  234   256   234   227  1  
  134   229   134   256  1
  129   256   129   229  1
 -200     5  -196   124  1
 -196   124  -195   256  1
 -201   121  -205     5  1
 -200   256  -201   126  1
 -201   126  -256   130  1
 -256   125  -201   121  1 
  -80   224    22   224  1
  134   224   237   222  1
 -209     0  -211  -109  1
 -206  -110  -204     0  1
 -211  -109  -256  -101  1
 -256  -106  -210  -114  1
 -138  -125  -206  -110  1
 -205  -115  -139  -130  1
 -210  -114  -217  -158  1
 -212  -160  -205  -115  1
 -217  -158  -239  -208  1
 -236  -213  -212  -160  1
 -183  -240  -236  -213  1
 -238  -218  -185  -245  1
 -239  -208  -241  -188  1
 -246  -191  -243  -215  1
 -256  -251  -238  -218  1
 -243  -215  -256  -240  1
  -87  -221  -163  -205  1
 -165  -210   -90  -226  1
  -90  -226  -100  -256  1
  -95  -256   -85  -227  1
  -85  -227    22  -252  1
   20  -247   -83  -222  1
   22  -252    29  -256  1
   38  -256    25  -248  1
   25  -248    49  -165  1
   44  -164    20  -247  1
  -83  -222   -53  -146  1
  -58  -145   -87  -221  1 
 -134  -131   -58  -145  1
  -53  -146    44  -164  1
   46  -159   -54  -141  1
  -54  -141  -133  -126  1
   49  -165   157  -183  1
  158  -178    50  -159  1
   66   -73    46  -159  1
   50  -159    72   -73  1
  157  -183   140  -256  1
  145  -256   162  -184  1
  162  -184   238  -195  1
  239  -191   163  -179  1
  243  -196   256  -199  1
  256  -194   244  -192  1
  227  -256   243  -196  1
  238  -195   222  -256  1
  244  -192   251   -93  1
  244   -92   239  -191  1
  251   -88   223     0  1
  218     0   244   -87  1
  244   -87   177   -79  1
  177   -79    73   -68  1
  163  -179   179   -84  1
  179   -84   244   -92  1
  174   -84   158  -178  1
   72   -73   174   -84  1
   73   -68    92     0  1
   87     0    68   -67  1
 -106   -53    66   -72  1
   68   -67  -105   -48  1
 -241  -188  -256  -177  1
 -256  -184  -246  -191  1
  251   -93   256   -94  1
  256   -89   251   -88  1